data10
10 3
1 9 144
21 7 266
33 7 378
54 7 318
81 3 187
71 7 26
68 5 462
80 2 257
92 7 322
58 9 455

data11
11 3
1 9 159
21 7 293
33 7 416
54 7 350
81 3 206
71 7 29
68 5 508
80 2 282
92 7 354
58 9 500
37 4 461

data12
12 3
1 9 173
21 7 320
33 7 453
54 7 382
81 3 224
71 7 32
68 5 554
80 2 308
92 7 386
58 9 545
37 4 503
33 2 178

data13
13 3
1 9 188
21 7 346
33 7 491
54 7 413
81 3 243
71 7 35
68 5 600
80 2 333
92 7 419
58 9 591
37 4 544
33 2 193
43 3 610

data14
14 3
1 9 202
21 7 373
33 7 529
54 7 445
81 3 262
71 7 37
68 5 646
80 2 359
92 7 451
58 9 636
37 4 586
33 2 208
43 3 657
56 7 615

data15
15 3
1 9 217
21 7 400
33 7 567
54 7 477
81 3 281
71 7 40
68 5 692
80 2 385
92 7 483
58 9 682
37 4 628
33 2 223
43 3 703
56 7 659
6 3 421

data16
16 3
1 9 231
21 7 426
33 7 604
54 7 509
81 3 299
71 7 43
68 5 738
80 2 410
92 7 515
58 9 727
37 4 670
33 2 238
43 3 750
56 7 703
6 3 449
51 4 154

data17
17 3
1 9 246
21 7 453
33 7 642
54 7 541
81 3 318
71 7 45
68 5 784
80 2 436
92 7 547
58 9 772
37 4 712
33 2 253
43 3 797
56 7 747
6 3 477
51 4 164
90 1 311

data18
18 3
1 9 260
21 7 479
33 7 680
54 7 572
81 3 337
71 7 48
68 5 831
80 2 462
92 7 580
58 9 818
37 4 754
33 2 268
43 3 844
56 7 790
6 3 505
51 4 173
90 1 329
35 6 832

data19
19 3
1 9 275
21 7 506
33 7 718
54 7 604
81 3 355
71 7 51
68 5 877
80 2 487
92 7 612
58 9 863
37 4 796
33 2 283
43 3 891
56 7 834
6 3 533
51 4 183
90 1 347
35 6 879
51 2 385

data20
20 3
1 9 289
21 7 533
33 7 755
54 7 636
81 3 374
71 7 53
68 5 923
80 2 513
92 7 644
58 9 909
37 4 838
33 2 297
43 3 938
56 7 878
6 3 561
51 4 193
90 1 365
35 6 925
51 2 406
29 4 424