data001
8 2
   1  1   2 44
   1 76   2 62
   1  9   2 35
   1 70   2 55
   1  1   2 76
   1 98   2 87
   1 13   2 40
   1 72   2 12

data002
8 5
   1 91   2 94   3 79   4 22   5  9
   1 35   2 89   3 13   4 57   5 88
   1 16   2 88   3 20   4 88   5 91
   1 97   2 41   3 64   4 90   5 18
   1 77   2 38   3 98   4 47   5 90
   1 96   2 19   3 53   4 13   5  5
   1  1   2 11   3 93   4 28   5 55
   1 92   2 34   3 59   4 76   5 57

data003
10 2
   1  5   2 90
   1 11   2 62
   1 96   2 26
   1 97   2 80
   1 52   2 86
   1 40   2 35
   1 57   2 13
   1  7   2 29
   1 36   2 82
   1 30   2 83

data004
10 5
   1 14   2 87   3  6   4 75   5 14
   1 60   2 65   3 66   4 35   5 95
   1 11   2 29   3 78   4 92   5 88
   1 60   2 79   3  3   4  7   5 82
   1 10   2 64   3 46   4 25   5 96
   1 83   2 88   3 90   4 31   5 32
   1 15   2  1   3 20   4 52   5 80
   1  2   2 40   3 11   4 29   5 56
   1 49   2 13   3 56   4  2   5 31
   1  5   2 82   3 62   4 11   5 71

data005
12 2
   1 38   2 28
   1 11   2 81
   1 28   2  4
   1 17   2 65
   1 83   2 89
   1 91   2 76
   1 56   2 38
   1  9   2 40
   1 65   2 45
   1 76   2 30
   1 64   2 86
   1 80   2 63

data006
12 5
   1 29   2 10   3 39   4 76   5 21
   1 53   2  1   3 69   4 53   5  5
   1 73   2 58   3  2   4 97   5 12
   1 51   2 79   3 35   4 52   5 79
   1 29   2 38   3 29   4 83   5 45
   1 21   2 56   3  8   4 86   5 87
   1 11   2 86   3 88   4 44   5 98
   1 92   2 30   3 31   4 35   5 18
   1 62   2 55   3 38   4 48   5 80
   1 46   2 46   3 23   4 12   5  3
   1 71   2 44   3 10   4 52   5 99
   1 96   2 54   3  5   4 28   5 62
